  1  H 1 1 1  1.000000   1.00790
              1.200000  0.000000  0.000000  0.000000  0.000000
              -12.0000    0.0000    0.0000
              -13.0600    0.0000    0.0000    0.0000    0.0000    0.0000    0.0000  1.000000  0.000000  0.000000
               12.8500   12.8500    0.0000
              0.000000  0.000000  0.000000  0.000000  0.000000  0.000000  0.000000  0.000000  0.000000  0.000000  0.000000

  2 He 0 1 1  2.000000   4.00260
              1.700000  0.000000  0.000000  0.000000  0.000000
             -100.0000    0.0000    0.0000
                0.0000    0.0000    0.0000    0.0000    0.0000    0.0000    0.0000  1.000000  0.000000  0.000000
                0.0000    0.0000    0.0000
              0.000000  0.000000  0.000000  0.000000  0.000000  0.000000  0.000000  0.000000  0.000000  0.000000  0.000000

  3 Li 1 2 4  1.000000   6.94100
              0.650000  0.000000  0.000000  0.000000  0.000000
               -1.0000   -1.0000    0.0000
               -5.4100    0.0000   -3.6100    0.0000    0.0000    0.0000    0.0000  1.000000  0.000000  0.000000
                4.5700    4.5700    0.0000
              2.503730  1.356879  0.000000  0.000000  0.000000  0.000000  0.000000  0.000000  0.000000  0.000000  0.000000

  4 Be 1 2 4  2.000000   9.01218
              0.975000  0.000000  0.000000  0.000000  0.000000
              -13.0000  -13.0000    0.0000
               -9.3300    0.0000   -5.8800    0.0000    0.0000    0.0000    0.0000  1.000000  0.000000  0.000000
                6.7800    6.7800    0.0000
              3.828126  2.656354  0.000000  0.000000  0.000000  0.000000  0.000000  0.000000  0.000000  0.000000  0.000000

  5  B 1 2 4  3.000000  10.81000
              1.300000  0.000000  0.000000  0.000000  0.000000
               -8.0000   -8.0000    0.0000
              -14.0000    0.0000   -8.2400    0.0000    0.0000    0.0000    0.0000  1.000000  0.000000  0.000000
                8.6800    8.6800    0.0000
              5.401481  3.480847  0.000000  0.000000  0.000000  0.000000  0.000000  0.000000  0.000000  0.000000  0.000000

  6  C 1 2 4  4.000000  12.01100
              1.625000  0.000000  0.000000  0.000000  0.000000
              -17.0000  -17.0000    0.0000
              -19.4200    0.0000  -10.7000    0.0000    0.0000    0.0000    0.0000  1.000000  0.000000  0.000000
               11.1100   11.1100    0.0000
              6.897842  4.509913  0.000000  0.000000  0.000000  0.000000  0.000000  0.000000  0.000000  0.000000  0.000000

  7  N 1 2 4  5.000000  14.00670
              1.950000  0.000000  0.000000  0.000000  0.000000
              -26.0000  -26.0000    0.0000
              -25.5800    0.0000  -13.2500    0.0000    0.0000    0.0000    0.0000  1.000000  0.000000  0.000000
               12.0100   12.0100    0.0000
              8.958454  6.459559  0.000000  0.000000  0.000000  0.000000  0.000000  0.000000  0.000000  0.000000  0.000000

  8  O 1 2 4  6.000000  15.99940
              2.275000  0.000000  0.000000  0.000000  0.000000
              -34.0000  -34.0000    0.0000
              -32.4900    0.0000  -15.8800    0.0000    0.0000    0.0000    0.0000  1.000000  0.000000  0.000000
               13.0000   13.0000    0.0000
             11.815414  6.902802  0.000000  0.000000  0.000000  0.000000  0.000000  0.000000  0.000000  0.000000  0.000000

  9  F 1 2 4  7.000000  18.99840
              2.600000  0.000000  0.000000  0.000000  0.000000
              -44.0000  -44.0000    0.0000
              -40.1400    0.0000  -18.6100    0.0000    0.0000    0.0000    0.0000  1.000000  0.000000  0.000000
               14.0000   14.0000    0.0000
             14.484415  8.593198  0.000000  0.000000  0.000000  0.000000  0.000000  0.000000  0.000000  0.000000  0.000000

 10 Ne 0 2 4  8.000000  20.17900
              2.925000  0.000000  0.000000  0.000000  0.000000
             -100.0000 -100.0000    0.0000
                0.0000    0.0000    0.0000    0.0000    0.0000    0.0000    0.0000  1.000000  0.000000  0.000000
                0.0000    0.0000    0.0000
             12.781917  9.327345  0.000000  0.000000  0.000000  0.000000  0.000000  0.000000  0.000000  0.000000  0.000000

 11 Na 1 3 4  1.000000  22.98977
              0.836000  0.000000  0.000000  0.000000  0.000000
               -5.0000   -5.0000    0.0000
               -4.8600    0.0000   -2.8600    0.0000    0.0000    0.0000    0.0000  1.000000  0.000000  0.000000
                3.3100    3.3100    1.6700
              1.667583  0.743903  0.000000  0.000000  0.000000  0.000000  0.000000  0.000000  0.000000  0.000000  0.000000

 12 Mg 1 3 4  2.000000  24.30500
              1.103000  0.000000  0.000000  0.000000  0.000000
               -6.0000   -6.0000    0.0000
               -8.1100    0.0000   -4.5500    0.0000    0.0000    0.0000    0.0000  1.000000  0.000000  0.000000
                4.7900    4.7900    2.4300
              2.476454  3.273174  0.000000  0.000000  0.000000  0.000000  0.000000  0.000000  0.000000  0.000000  0.000000

 13 Al 1 3 4  3.000000  26.98154
              1.370000  0.000000  0.000000  0.000000  0.000000
               -7.0000   -7.0000    0.0000
              -11.4200    0.0000   -6.2900    0.0000    0.0000    0.0000    0.0000  1.000000  0.000000  0.000000
                6.2100    6.2100    3.4200
              3.359095  1.602491  0.000000  0.000000  0.000000  0.000000  0.000000  0.000000  0.000000  0.000000  0.000000

 14 Si 1 3 4  4.000000  28.08550
              1.520000  0.000000  0.000000  0.000000  0.000000
               -9.0000   -9.0000    0.0000
              -14.7900    0.0000   -8.1000    0.0000    0.0000    0.0000    0.0000  1.000000  0.000000  0.000000
                7.5700    7.5700    4.6300
              4.812310  2.262706  0.000000  0.000000  0.000000  0.000000  0.000000  0.000000  0.000000  0.000000  0.000000

 15  P 1 3 4  5.000000  30.97376
              1.730000  0.000000  0.000000  0.000000  0.000000
              -15.0000  -15.0000    0.0000
              -18.2300    0.0000   -9.9800    0.0000    0.0000    0.0000    0.0000  1.000000  0.000000  0.000000
                8.8600    8.8600    6.0900
              1.047788  2.947716  0.000000  0.000000  0.000000  0.000000  0.000000  0.000000  0.000000  0.000000  0.000000

 16  S 1 3 4  6.000000  32.06000
              1.925000  0.000000  0.000000  0.000000  0.000000
              -15.0000  -15.0000    0.0000
              -21.7300    0.0000  -11.9200    0.0000    0.0000    0.0000    0.0000  1.000000  0.000000  0.000000
               10.0900   10.0900    7.7700
              3.075668  4.537809  0.000000  0.000000  0.000000  0.000000  0.000000  0.000000  0.000000  0.000000  0.000000

 17 Cl 1 3 4  7.000000  35.45300
              2.130000  0.000000  0.000000  0.000000  0.000000
              -11.0000  -11.0000    0.0000
              -25.2900    0.0000  -13.9300    0.0000    0.0000    0.0000    0.0000  1.000000  0.000000  0.000000
               11.2500   11.2500    9.6800
              8.802854  6.447161  0.000000  0.000000  0.000000  0.000000  0.000000  0.000000  0.000000  0.000000  0.000000

 18 Ar 0 3 4  8.000000  39.94800
              2.365000  0.000000  0.000000  0.000000  0.000000
             -100.0000 -100.0000    0.0000
                0.0000    0.0000    0.0000    0.0000    0.0000    0.0000    0.0000  1.000000  0.000000  0.000000
                0.0000    0.0000    0.0000
              7.762259  5.846134  0.000000  0.000000  0.000000  0.000000  0.000000  0.000000  0.000000  0.000000  0.000000

 19  K 1 4 4  1.000000  39.09830
              1.180000  0.000000  0.000000  0.000000  0.000000
               -1.0000   -1.0000    0.0000
               -4.3400    0.0000   -2.7300    0.0000    0.0000    0.0000    0.0000  1.000000  0.000000  0.000000
                3.1800    3.1800    5.0300
              1.110895  0.495935  0.000000  0.000000  0.000000  0.000000  0.000000  0.000000  0.000000  0.000000  0.000000

 20 Ca 1 4 9  2.000000  40.08000
              1.210000  1.850000  0.000000  1.000000  0.000000
                2.0000    2.0000  -11.4000
               -6.0300   -5.1300   -3.9600   -2.9900   -3.4400   -3.4400 -100.0000  0.960800  0.039200  0.000000
                3.2500    4.0000    6.0300
              1.562197  0.288262  0.462460  0.730265  0.555448 -0.029508  2.343295  1.177847  2.146212  2.216599  1.575989

 21 Sc 1 4 9  3.000000  44.95590
              1.230000  4.222400  1.746500  0.359220  0.766010
               -1.0000   -1.0000  -18.0000
               -6.7200   -5.8300   -4.2000   -3.4300   -8.1600   -4.8500 -100.0000  0.939900  0.060100  0.000000
                3.8900    4.7100    7.0200
              1.500205  0.619919  0.727785  0.700509  1.363822  0.274004  3.657524  1.810164  1.961795  2.115305  1.424637

 22 Ti 1 4 9  4.000000  47.90000
              1.300000  4.670000  1.986000  0.364610  0.755610
               -1.0000   -1.0000  -19.0000
               -7.2800   -6.3400   -4.4800   -3.7500   -9.0700   -5.9300 -100.0000  0.906900  0.093100  0.000000
                4.5000    5.3800    7.9800
              1.624189  0.681911  0.768700  0.907562  1.698579  1.277034  5.566875  3.682321  1.571618  1.883618  1.107171

 23  V 1 4 9  5.000000  50.94150
              1.300000  5.052000  2.173000  0.373780  0.745640
               -1.0000   -1.0000  -20.0000
               -7.7300   -6.7100   -4.7700   -3.9500   -9.8900   -6.7700 -100.0000  0.839500  0.160500  0.000000
                5.0700    6.0100    8.9100
              1.872156  0.743903  0.773659  0.642236  1.388619  0.212012  6.298380  4.389029  1.298119  1.669320  0.894537

 24 Cr 1 4 9  6.000000  51.99600
              1.320000  5.138000  2.077000  0.407140  0.732420
               -1.0000   -1.0000  -21.0000
               -8.0700   -6.9700   -5.0400   -4.0600  -10.6600   -7.4300 -100.0000  0.705200  0.294800  0.000000
                5.6000    6.6000    9.8100
              1.785368  0.805895  0.647196  0.691830  1.413416  0.036823  7.872975  4.562606  1.138395  1.544197  0.770846

 25 Mn 1 4 9  7.000000  54.93800
              1.360000  5.767000  2.510000  0.389840  0.729650
               -1.0000   -1.0000  -22.0000
               -8.3500   -7.1500   -5.2700   -4.1000  -11.4500   -7.9900 -100.0000  0.665200  0.334800  0.000000
                6.0900    7.1600   10.6800
              2.343295  0.867887  0.757541  0.153740  0.993111  0.616200  8.182935  4.698988  1.054290  1.486488  0.704629

 26 Fe 1 4 9  8.000000  55.84700
              1.370000  6.068000  2.618000  0.403790  0.719840
               -1.0000   -1.0000  -23.0000
               -8.5700   -7.2700   -5.4200   -4.0800  -12.3100   -8.5300 -100.0000  0.314300  0.685700  0.000000
                6.5400    7.6800   11.5200
              2.020937  0.929879  0.823253  0.303760  0.622399  0.436423  7.563016  4.760980  0.937362  1.382743  0.616758

 27 Co 1 4 9  9.000000  58.93320
              1.423000  6.386000  2.745000  0.413330  0.712620
               -1.0000   -1.0000  -31.0000
               -8.7600   -7.3800   -5.4800   -4.0200  -13.3000   -9.1000 -100.0000  0.206500  0.793500  0.000000
                6.9600    8.1600   12.3200
              2.814434  0.991871  0.786058  0.393029  0.779859  0.280204  7.996959  5.963624  0.927827  1.392741  0.606753

 28 Ni 1 4 9 10.000000  58.70000
              1.473000  6.706000  2.874000  0.421200  0.706580
               -1.0000   -1.0000  -35.0000
               -8.9400   -7.5100   -5.4100   -3.9300  -14.4600   -9.7900 -100.0000  0.142100  0.857900  0.000000
                7.3400    8.6100   13.1000
              2.405287  1.053863  0.830692  0.373191  0.750102  0.402948  9.893912  6.608340  0.914218  1.397009  0.594082

 29 Cu 1 4 9 11.000000  63.54600
              1.482000  6.795000  2.765000  0.447290  0.696830
               -1.0000   -1.0000  -40.0000
               -9.1300   -7.6900   -5.1800   -3.8400  -15.8700  -10.6700 -100.0000  0.095600  0.904400  0.000000
                7.6800    9.0100   13.8400
              2.566466  1.115855  0.552968  0.696789  1.326627  0.859208 10.660133  7.186725  0.815680  1.301797  0.521822

 30 Zn 1 4 4  2.000000  65.38000
              1.509000  0.000000  0.000000  0.000000  0.000000
              -10.0000  -10.0000    0.0000
               -9.3600   -9.3600   -4.7700   -4.7700    0.0000    0.0000    0.0000  1.000000  0.000000  0.000000
                7.9800    7.9800   14.5500
              2.529271  1.177847  0.000000  0.000000  0.000000  0.000000  0.000000  0.000000  0.000000  0.000000  0.000000

 31 Ga 0 4 4  3.000000  69.72000
              0.000000  0.000000  0.000000  0.000000  0.000000
             -100.0000 -100.0000    0.0000
             -100.0000    0.0000 -100.0000    0.0000    0.0000    0.0000    0.0000  1.000000  0.000000  0.000000
                0.0000    0.0000    0.0000
              0.000000  0.000000  0.000000  0.000000  0.000000  0.000000  0.000000  0.000000  0.000000  0.000000  0.000000

 32 Ge 0 4 4  4.000000  72.59000
              0.000000  0.000000  0.000000  0.000000  0.000000
             -100.0000 -100.0000    0.0000
             -100.0000    0.0000 -100.0000    0.0000    0.0000    0.0000    0.0000  1.000000  0.000000  0.000000
                0.0000    0.0000    0.0000
              0.000000  0.000000  0.000000  0.000000  0.000000  0.000000  0.000000  0.000000  0.000000  0.000000  0.000000

 33 As 0 4 4  5.000000  74.92160
              2.921000  0.000000  0.000000  0.000000  0.000000
              -10.0000  -10.0000    0.0000
              -18.1800    0.0000   -9.1900    0.0000    0.0000    0.0000    0.0000  1.000000  0.000000  0.000000
                0.0000    0.0000    0.0000
              5.036471  3.802126  0.000000  0.000000  0.000000  0.000000  0.000000  0.000000  0.000000  0.000000  0.000000

 34 Se 0 4 4  6.000000  78.96000
              2.439000  0.000000  0.000000  0.000000  0.000000
              -11.6700  -11.6700    0.0000
              -20.9500    0.0000  -10.3700    0.0000    0.0000    0.0000    0.0000  1.000000  0.000000  0.000000
                0.0000    0.0000    0.0000
              5.630697  4.230938  0.000000  0.000000  0.000000  0.000000  0.000000  0.000000  0.000000  0.000000  0.000000

 35 Br 1 4 4  7.000000  79.90400
              2.638000  0.000000  0.000000  0.000000  0.000000
               -8.0000   -8.0000    0.0000
              -23.9400    0.0000  -12.4400    0.0000    0.0000    0.0000    0.0000  1.000000  0.000000  0.000000
                9.0800    9.0800    0.0000
              6.141120  4.608700  0.000000  0.000000  0.000000  0.000000  0.000000  0.000000  0.000000  0.000000  0.000000

 36 Kr 0 4 4  8.000000  83.80000
              0.000000  0.000000  0.000000  0.000000  0.000000
             -100.0000 -100.0000    0.0000
             -100.0000    0.0000 -100.0000    0.0000    0.0000    0.0000    0.0000  1.000000  0.000000  0.000000
                0.0000    0.0000    2.4800
              0.000000  0.000000  0.000000  0.000000  0.000000  0.000000  0.000000  0.000000  0.000000  0.000000  0.000000

 37 Rb 0 5 4  1.000000  85.46780
              0.000000  0.000000  0.000000  0.000000  0.000000
             -100.0000 -100.0000    0.0000
               -4.4300    0.0000   -2.6500    0.0000    0.0000    0.0000    0.0000  1.000000  0.000000  0.000000
                1.5000    1.5000    3.3800
              0.000000  0.000000  0.000000  0.000000  0.000000  0.000000  0.000000  0.000000  0.000000  0.000000  0.000000

 38 Sr 0 5 9  2.000000  87.62000
              0.000000  0.000000  0.000000  1.000000  0.000000
             -100.0000 -100.0000 -100.0000
               -5.8400   -5.1900   -3.7600   -3.1600   -3.6600   -3.6600   -2.4900  0.939000  0.055000  0.007000
                2.0500    1.9700    4.2800
              0.000000  0.000000  0.000000  0.000000  0.000000  0.000000  0.000000  0.000000  0.000000  0.000000  0.000000

 39  Y 1 5 9  3.000000  88.90590
              1.275000  3.837000  1.739000  0.286550  0.824680
               -1.0000   -1.0000   -7.0000
               -6.5500   -5.8500   -4.1300   -3.5800   -6.6100   -4.7400   -3.2200  0.920000  0.073000  0.007000
                2.5700    2.4100    5.2200
              2.846438  2.231965  1.250107  1.607476  1.833888  1.011633  3.834798  2.562213  1.942611  1.968347  1.458400

 40 Zr 1 5 9  4.000000  91.22000
              1.337000  3.639000  1.804000  0.399240  0.713810
               -1.0000   -1.0000  -10.0000
               -7.1600   -6.4000   -4.4300   -3.9200   -8.0800   -5.7900   -3.9500  0.884000  0.108000  0.008000
                3.0600    2.9300    6.1200
              2.984853  2.340500  1.064414  1.368699  1.759978  0.861363  4.369791  2.919668  1.777103  1.890505  1.315937

 41 Nb 1 5 9  5.000000  92.90640
              1.393000  3.774100  1.925100  0.447750  0.663010
               -1.0000   -1.0000  -13.0000
               -7.6900   -6.8400   -4.6700   -4.1500   -9.5000   -6.8200   -4.7000  0.806000  0.187000  0.007000
                3.5200    3.4500    7.0100
              3.109873  2.438532  0.950646  1.222408  1.717580  0.769298  4.808812  3.212999  1.673072  1.842142  1.226002

 42 Mo 1 5 9  6.000000  95.94000
              1.440000  3.954000  2.047000  0.480130  0.628920
               -1.0000   -1.0000  -15.0000
               -8.1300   -7.1800   -4.8700   -4.2900  -10.8500   -7.8200   -5.4600  0.616000  0.382000  0.002000
                3.9800    3.9900    7.8800
              3.214801  2.520808  0.872601  1.122052  1.688591  0.706140  5.170238  3.454485  1.599116  1.807038  1.162179

 43 Tc 1 5 9  7.000000  98.00000
              1.461000  4.124000  2.155000  0.512410  0.595420
               -1.0000   -1.0000  -17.0000
               -8.4900   -7.4200   -5.0000   -4.3400  -12.1300   -8.8000   -6.2100  0.242000  0.736000  0.022000
                4.4000    4.5400    8.7300
              3.261683  2.557570  0.792260  1.018744  1.635130  0.641126  5.431609  3.629120  1.507582  1.744914  1.087087

 44 Ru 1 5 9  8.000000 101.07000
              1.470000  4.259000  2.094000  0.534230  0.592710
               -2.0000   -2.0000  -20.0000
               -8.7500   -7.5500   -5.0700   -4.3000  -13.3800   -9.7700   -6.9800  0.016000  0.717000  0.266000
                4.8100    5.1200    9.5500
              2.479677  1.120070  0.990011  0.330045  1.440073  0.180025  6.170305  4.630177  1.431276  1.687971  1.025590

 45 Rh 1 5 9  9.000000 102.90550
              1.482000  4.485000  2.217000  0.544090  0.581370
               -1.0000   -1.0000  -21.0000
               -8.9300   -7.5800   -5.0700   -4.1700  -14.5400  -10.7000   -7.7500  0.003000  0.319000  0.678000
                5.1900    5.7100   10.3600
              3.308566  2.594332  0.650041  0.835868  1.518541  0.526037  5.864504  3.918358  1.328619  1.608894  0.943435

 46 Pd 0 5 9 10.000000 106.40000
              1.497000  4.723000  2.342000  0.549020  0.575610
               -1.0000   -1.0000  -21.5000
               -9.0200   -7.5000   -5.0200   -3.9400  -15.6500  -11.6200   -8.5300  0.007000  0.121000  0.872000
                0.0000    6.3300   11.1500
              3.342053  2.620590  0.583298  0.750046  1.460972  0.472026  6.121791  4.090263  1.240469  1.540221  0.873138

 47 Ag 1 5 9 11.000000 107.86800
              1.507000  4.988960  2.583740  0.557630  0.553590
               -2.5000   -2.5000  -30.0000
                0.0000   -7.3100    0.0000   -3.6200    0.0000  -12.5100    0.0000    0.0000  1.000000  0.000000 
                6.0000    6.9600    9.5500
              3.027900  2.374200  0.386800  0.508300  1.024000  0.308600  5.965000  3.828500  0.000000  0.000000  0.000000

 48 Cd 0 5 4  2.000000 112.41000
              1.699000  0.000000  0.000000  0.000000  0.000000
               -1.0000   -1.0000    0.0000
               -8.9400   -8.9400   -4.7500   -4.7500    0.0000    0.0000    0.0000  1.000000  0.000000  0.000000
                0.0000    0.0000    0.0000
              3.793018  2.974203  0.000000  0.000000  0.000000  0.000000  0.000000  0.000000  0.000000  0.000000  0.000000

 49 In 0 5 4  3.000000 114.82000
              0.000000  0.000000  0.000000  0.000000  0.000000
             -100.0000 -100.0000    0.0000
             -100.0000    0.0000 -100.0000    0.0000    0.0000    0.0000    0.0000  1.000000  0.000000  0.000000
                0.0000    0.0000    0.0000
              0.000000  0.000000  0.000000  0.000000  0.000000  0.000000  0.000000  0.000000  0.000000  0.000000  0.000000

 50 Sn 0 5 4  4.000000 118.69000
              0.000000  0.000000  0.000000  0.000000  0.000000
             -100.0000 -100.0000    0.0000
             -100.0000    0.0000 -100.0000    0.0000    0.0000    0.0000    0.0000  1.000000  0.000000  0.000000
                0.0000    0.0000    0.0000
              0.000000  0.000000  0.000000  0.000000  0.000000  0.000000  0.000000  0.000000  0.000000  0.000000  0.000000

 51 Sb 0 5 4  5.000000 121.75000
              0.000000  0.000000  0.000000  0.000000  0.000000
             -100.0000 -100.0000    0.0000
             -100.0000    0.0000 -100.0000    0.0000    0.0000    0.0000    0.0000  1.000000  0.000000  0.000000
                0.0000    0.0000    0.0000
              0.000000  0.000000  0.000000  0.000000  0.000000  0.000000  0.000000  0.000000  0.000000  0.000000  0.000000

 52 Te 0 5 4  6.000000 127.60000
              0.000000  0.000000  0.000000  0.000000  0.000000
             -100.0000 -100.0000    0.0000
             -100.0000    0.0000 -100.0000    0.0000    0.0000    0.0000    0.0000  1.000000  0.000000  0.000000
                0.0000    0.0000    0.0000
              0.000000  0.000000  0.000000  0.000000  0.000000  0.000000  0.000000  0.000000  0.000000  0.000000  0.000000

 53  I 1 5 4  7.000000 126.90450
              3.341000  0.000000  0.000000  0.000000  0.000000
               -8.0000   -8.0000    0.0000
              -20.8400    0.0000  -11.2100    0.0000    0.0000    0.0000    0.0000  1.000000  0.000000  0.000000
                8.1500    8.1500    0.0000
              4.886521  3.842482  0.000000  0.000000  0.000000  0.000000  0.000000  0.000000  0.000000  0.000000  0.000000

 54 Xe 0 5 4  8.000000 131.30000
              0.000000  0.000000  0.000000  0.000000  0.000000
             -100.0000 -100.0000    0.0000
             -100.0000    0.0000 -100.0000    0.0000    0.0000    0.0000    0.0000  1.000000  0.000000  0.000000
                0.0000    0.0000    0.0000
              0.000000  0.000000  0.000000  0.000000  0.000000  0.000000  0.000000  0.000000  0.000000  0.000000  0.000000

 55 Cs 0 6 4  1.000000 132.90543
              0.000000  0.000000  0.000000  0.000000  0.000000
             -100.0000 -100.0000    0.0000
             -100.0000    0.0000 -100.0000    0.0000    0.0000    0.0000    0.0000  1.000000  0.000000  0.000000
                0.0000    0.0000    0.0000
              0.000000  0.000000  0.000000  0.000000  0.000000  0.000000  0.000000  0.000000  0.000000  0.000000  0.000000

 56 Ba 0 6 9  2.000000 137.32700
              0.000000  0.000000  0.000000  0.000000  0.000000
             -100.0000 -100.0000    0.0000
             -100.0000    0.0000 -100.0000    0.0000    0.0000    0.0000    0.0000  1.000000  0.000000  0.000000
                0.0000    0.0000    0.0000
              0.000000  0.000000  0.000000  0.000000  0.000000  0.000000  0.000000  0.000000  0.000000  0.000000  0.000000

 57 La 0 6 9  3.000000 138.90550
              0.000000  0.000000  0.000000  0.000000  0.000000
             -100.0000 -100.0000    0.0000
             -100.0000    0.0000 -100.0000    0.0000    0.0000    0.0000    0.0000  1.000000  0.000000  0.000000
                0.0000    0.0000    0.0000
              0.000000  0.000000  0.000000  0.000000  0.000000  0.000000  0.000000  0.000000  0.000000  0.000000  0.000000

 58 Ce 0 6 9  4.000000 140.11500
              0.000000  0.000000  0.000000  0.000000  0.000000
             -100.0000 -100.0000    0.0000
             -100.0000    0.0000 -100.0000    0.0000    0.0000    0.0000    0.0000  1.000000  0.000000  0.000000
                0.0000    0.0000    0.0000
              0.000000  0.000000  0.000000  0.000000  0.000000  0.000000  0.000000  0.000000  0.000000  0.000000  0.000000

 59 Pr 0 6 9  5.000000 140.90765
              0.000000  0.000000  0.000000  0.000000  0.000000
             -100.0000 -100.0000    0.0000
             -100.0000    0.0000 -100.0000    0.0000    0.0000    0.0000    0.0000  1.000000  0.000000  0.000000
                0.0000    0.0000    0.0000
              0.000000  0.000000  0.000000  0.000000  0.000000  0.000000  0.000000  0.000000  0.000000  0.000000  0.000000

 60 Nd 0 6 9  6.000000 144.24000
              0.000000  0.000000  0.000000  0.000000  0.000000
             -100.0000 -100.0000    0.0000
             -100.0000    0.0000 -100.0000    0.0000    0.0000    0.0000    0.0000  1.000000  0.000000  0.000000
                0.0000    0.0000    0.0000
              0.000000  0.000000  0.000000  0.000000  0.000000  0.000000  0.000000  0.000000  0.000000  0.000000  0.000000

 61 Pm 0 6 9  7.000000 145.00000
              0.000000  0.000000  0.000000  0.000000  0.000000
             -100.0000 -100.0000    0.0000
             -100.0000    0.0000 -100.0000    0.0000    0.0000    0.0000    0.0000  1.000000  0.000000  0.000000
                0.0000    0.0000    0.0000
              0.000000  0.000000  0.000000  0.000000  0.000000  0.000000  0.000000  0.000000  0.000000  0.000000  0.000000

 62 Sm 0 6 9  8.000000 150.36000
              0.000000  0.000000  0.000000  0.000000  0.000000
             -100.0000 -100.0000    0.0000
             -100.0000    0.0000 -100.0000    0.0000    0.0000    0.0000    0.0000  1.000000  0.000000  0.000000
                0.0000    0.0000    0.0000
              0.000000  0.000000  0.000000  0.000000  0.000000  0.000000  0.000000  0.000000  0.000000  0.000000  0.000000

 63 Eu 0 6 9  9.000000 151.96500
              0.000000  0.000000  0.000000  0.000000  0.000000
             -100.0000 -100.0000    0.0000
             -100.0000    0.0000 -100.0000    0.0000    0.0000    0.0000    0.0000  1.000000  0.000000  0.000000
                0.0000    0.0000    0.0000
              0.000000  0.000000  0.000000  0.000000  0.000000  0.000000  0.000000  0.000000  0.000000  0.000000  0.000000

 64 Gd 0 6 9 10.000000 157.25000
              0.000000  0.000000  0.000000  0.000000  0.000000
             -100.0000 -100.0000    0.0000
             -100.0000    0.0000 -100.0000    0.0000    0.0000    0.0000    0.0000  1.000000  0.000000  0.000000
                0.0000    0.0000    0.0000
              0.000000  0.000000  0.000000  0.000000  0.000000  0.000000  0.000000  0.000000  0.000000  0.000000  0.000000

 65 Tb 0 6 9 11.000000 158.92534
              0.000000  0.000000  0.000000  0.000000  0.000000
             -100.0000 -100.0000    0.0000
             -100.0000    0.0000 -100.0000    0.0000    0.0000    0.0000    0.0000  1.000000  0.000000  0.000000
                0.0000    0.0000    0.0000
              0.000000  0.000000  0.000000  0.000000  0.000000  0.000000  0.000000  0.000000  0.000000  0.000000  0.000000

 66 Dy 0 6 9 12.000000 162.50000
              0.000000  0.000000  0.000000  0.000000  0.000000
             -100.0000 -100.0000    0.0000
             -100.0000    0.0000 -100.0000    0.0000    0.0000    0.0000    0.0000  1.000000  0.000000  0.000000
                0.0000    0.0000    0.0000
              0.000000  0.000000  0.000000  0.000000  0.000000  0.000000  0.000000  0.000000  0.000000  0.000000  0.000000

 67 Ho 0 6 9 13.000000 164.93032
              0.000000  0.000000  0.000000  0.000000  0.000000
             -100.0000 -100.0000    0.0000
             -100.0000    0.0000 -100.0000    0.0000    0.0000    0.0000    0.0000  1.000000  0.000000  0.000000
                0.0000    0.0000    0.0000
              0.000000  0.000000  0.000000  0.000000  0.000000  0.000000  0.000000  0.000000  0.000000  0.000000  0.000000

 68 Er 0 6 9 14.000000 167.26000
              0.000000  0.000000  0.000000  0.000000  0.000000
             -100.0000 -100.0000    0.0000
             -100.0000    0.0000 -100.0000    0.0000    0.0000    0.0000    0.0000  1.000000  0.000000  0.000000
                0.0000    0.0000    0.0000
              0.000000  0.000000  0.000000  0.000000  0.000000  0.000000  0.000000  0.000000  0.000000  0.000000  0.000000

 69 Tm 0 6 9 15.000000 168.93421
              0.000000  0.000000  0.000000  0.000000  0.000000
             -100.0000 -100.0000    0.0000
             -100.0000    0.0000 -100.0000    0.0000    0.0000    0.0000    0.0000  1.000000  0.000000  0.000000
                0.0000    0.0000    0.0000
              0.000000  0.000000  0.000000  0.000000  0.000000  0.000000  0.000000  0.000000  0.000000  0.000000  0.000000

 70 Yb 0 6 9 16.000000 173.04000
              0.000000  0.000000  0.000000  0.000000  0.000000
             -100.0000 -100.0000    0.0000
             -100.0000    0.0000 -100.0000    0.0000    0.0000    0.0000    0.0000  1.000000  0.000000  0.000000
                0.0000    0.0000    0.0000
              0.000000  0.000000  0.000000  0.000000  0.000000  0.000000  0.000000  0.000000  0.000000  0.000000  0.000000

 71 Lu 0 6 9 17.000000 174.96700
              0.000000  0.000000  0.000000  0.000000  0.000000
             -100.0000 -100.0000    0.0000
             -100.0000    0.0000 -100.0000    0.0000    0.0000    0.0000    0.0000  1.000000  0.000000  0.000000
                0.0000    0.0000    0.0000
              0.000000  0.000000  0.000000  0.000000  0.000000  0.000000  0.000000  0.000000  0.000000  0.000000  0.000000

 72 Hf 0 6 9  4.000000 178.49000
              0.000000  0.000000  0.000000  0.000000  0.000000
             -100.0000 -100.0000    0.0000
             -100.0000    0.0000 -100.0000    0.0000    0.0000    0.0000    0.0000  1.000000  0.000000  0.000000
                0.0000    0.0000    0.0000
              0.000000  0.000000  0.000000  0.000000  0.000000  0.000000  0.000000  0.000000  0.000000  0.000000  0.000000

 73 Ta 0 6 9  5.000000 180.94790
              0.000000  0.000000  0.000000  0.000000  0.000000
             -100.0000 -100.0000    0.0000
             -100.0000    0.0000 -100.0000    0.0000    0.0000    0.0000    0.0000  1.000000  0.000000  0.000000
                0.0000    0.0000    0.0000
              0.000000  0.000000  0.000000  0.000000  0.000000  0.000000  0.000000  0.000000  0.000000  0.000000  0.000000

 74  W 0 6 9  6.000000 183.84000
              0.000000  0.000000  0.000000  0.000000  0.000000
             -100.0000 -100.0000    0.0000
             -100.0000    0.0000 -100.0000    0.0000    0.0000    0.0000    0.0000  1.000000  0.000000  0.000000
                0.0000    0.0000    0.0000
              0.000000  0.000000  0.000000  0.000000  0.000000  0.000000  0.000000  0.000000  0.000000  0.000000  0.000000

 75 Re 0 6 9  7.000000 186.20700
              0.000000  0.000000  0.000000  0.000000  0.000000
             -100.0000 -100.0000    0.0000
             -100.0000    0.0000 -100.0000    0.0000    0.0000    0.0000    0.0000  1.000000  0.000000  0.000000
                0.0000    0.0000    0.0000
              0.000000  0.000000  0.000000  0.000000  0.000000  0.000000  0.000000  0.000000  0.000000  0.000000  0.000000

 76 Os 0 6 9  8.000000 190.23000
              0.000000  0.000000  0.000000  0.000000  0.000000
             -100.0000 -100.0000    0.0000
             -100.0000    0.0000 -100.0000    0.0000    0.0000    0.0000    0.0000  1.000000  0.000000  0.000000
                0.0000    0.0000    0.0000
              0.000000  0.000000  0.000000  0.000000  0.000000  0.000000  0.000000  0.000000  0.000000  0.000000  0.000000

 77 Ir 0 6 9  9.000000 192.21700
              0.000000  0.000000  0.000000  0.000000  0.000000
             -100.0000 -100.0000    0.0000
             -100.0000    0.0000 -100.0000    0.0000    0.0000    0.0000    0.0000  1.000000  0.000000  0.000000
                0.0000    0.0000    0.0000
              0.000000  0.000000  0.000000  0.000000  0.000000  0.000000  0.000000  0.000000  0.000000  0.000000  0.000000

 78 Pt 0 6 9 10.000000 195.08000
              0.000000  0.000000  0.000000  0.000000  0.000000
             -100.0000 -100.0000    0.0000
             -100.0000    0.0000 -100.0000    0.0000    0.0000    0.0000    0.0000  1.000000  0.000000  0.000000
                0.0000    0.0000    0.0000
              0.000000  0.000000  0.000000  0.000000  0.000000  0.000000  0.000000  0.000000  0.000000  0.000000  0.000000

 79 Au 1 5 9 11.000000 107.86800
              1.986000  3.288000  0.000000  1.000000  0.000000
               -4.0000   -4.0000  -50.0000
              -10.1200   -9.2260   -5.4320   -4.3580  -14.6920  -12.0170    0.0000  0.000000  1.000000  0.000000
                7.3640    7.3660    9.1490
              3.456875  2.749111  1.011275  1.280173  1.942687  0.827134  3.569660  3.530346  0.000000  0.000000  0.000000

 80 Hg 0 6 4  2.000000 200.59000
              0.000000  0.000000  0.000000  0.000000  0.000000
             -100.0000 -100.0000    0.0000
             -100.0000    0.0000 -100.0000    0.0000    0.0000    0.0000    0.0000  1.000000  0.000000  0.000000
                0.0000    0.0000    0.0000
              0.000000  0.000000  0.000000  0.000000  0.000000  0.000000  0.000000  0.000000  0.000000  0.000000  0.000000

